	Sample_ID	Pump	Chamber	Condition	Community	Failed	Bin	tO	Flow_t0	t15	Flow_t15	t25	Flow_t25	t39	Flow_t39	t48	Flow_t48	t63	Flow_t63	t72	Flow_t72
1	C1-1	P1	Flat	ARE	BFSC	ok	1	0	5.6	5000.0	5.6	3300.0	5.5	4050.0	4.8	2700.0	5.0	4600.0	5.1	2300.0	4.4
2	C1-2	P1	Flat	ARE	BFSC	failed	0	0	NA	NA	NA	NA	NA	NA	NA	NA	NA	NA	NA	NA	NA
3	C1-3	P1	Flat	ARE	BFSC	ok	1	0	5.8	5200.0	5.8	3300.0	5.5	4100.0	4.9	2700.0	5.0	4600.0	5.1	2500.0	4.6
4	C1-4	P1	Flat	ARE	BFSC	ok	1	0	5.7	5150.0	5.7	3300.0	5.5	4100.0	4.9	2700.0	5.0	4600.0	5.1	2550.0	4.7
5	C1-5	P1	Flat	ARE	BFSC	ok	1	0	5.6	5000.0	5.6	3300.0	5.5	4000.0	4.8	2700.0	5.0	4700.0	5.2	2550.0	4.7
6	C1-6	P1	Flat	ARE	BFSC	failed	0	0	6.1	5500.0	6.1	NA	NA	NA	NA	NA	NA	NA	NA	NA	NA
7	C1-7	P1	Flat	ARE	BFSC	ok	1	0	5.8	5200.0	5.8	3300.0	5.5	4150.0	4.9	2700.0	5.0	4700.0	5.2	2300.0	4.3
8	C1-8	P1	Flat	ARE	BFSC	ok	1	0	5.8	5250.0	5.8	3350.0	5.6	4250.0	5.1	2650.0	4.9	4700.0	5.2	2300.0	4.3
9	C1-9	P1	Flat	ARE	BFSC	failed	0	0	5.7	5100.0	5.7	NA	NA	NA	NA	NA	NA	NA	NA	NA	NA
10	C1-10	P1	Flat	ARE	BFSC	ok	1	0	5.6	5050.0	5.6	3300.0	5.5	4100.0	4.9	2650.0	4.9	4600.0	5.1	2500.0	4.6
11	C1-11	P1	Flat	ARE	BFSC	ok	1	0	6.1	5500.0	6.1	3300.0	5.5	4000.0	4.8	2650.0	4.9	4700.0	5.2	2500.0	4.6
12	C1-12	P1	Flat	ARE	BFSC	ok	1	0	5.8	5250.0	5.8	3300.0	5.5	4000.0	4.8	2700.0	5.0	4700.0	5.2	2500.0	4.6
13	C2-1	P2	Flat	ARE	BFSC	failed	0	0	5.6	5050.0	5.6	NA	NA	NA	NA	NA	NA	NA	NA	NA	NA
14	C2-2	P2	Flat	ARE	BFSC	ok	1	0	5.9	5300.0	5.9	3300.0	5.5	4200.0	5.0	2650.0	4.9	4750.0	5.3	2300.0	4.3
15	C2-3	P2	Flat	ARE	BFSC	failed	0	0	5.8	5200.0	5.8	NA	NA	NA	NA	NA	NA	4600.0	5.1	2500.0	4.6
16	C2-4	P2	Flat	ARE	BFSC	failed	0	0	5.8	5200.0	5.8	NA	NA	NA	NA	NA	NA	NA	NA	NA	NA
17	C2-5	P2	Flat	ARE	BFSC	ok	1	0	5.9	5300.0	5.9	3350.0	5.6	4100.0	4.9	2650.0	4.9	4600.0	5.1	2550.0	4.7
18	C2-6	P2	Flat	ARE	BFSC	ok	1	0	5.8	5200.0	5.8	3300.0	5.5	4100.0	4.9	2650.0	4.9	4600.0	5.1	2550.0	4.7
19	C2-7	P2	Flat	ARE	BFSC	ok	1	0	5.9	5300.0	5.9	3300.0	5.5	4300.0	5.1	2700.0	5.0	4600.0	5.1	2600.0	4.8
20	C2-8	P2	Flat	ARE	BFSC	failed	0	0	5.9	5350.0	5.9	NA	NA	NA	NA	NA	NA	NA	NA	NA	NA
21	C2-9	P2	Flat	ARE	BFSC	ok	1	0	5.7	5150.0	5.7	3340.0	5.6	4150.0	4.9	2700.0	5.0	4900.0	5.4	2500.0	4.6
22	C2-10	P2	Flat	ARE	BFSC	ok	1	0	5.8	5200.0	5.8	3340.0	5.6	4200.0	5.0	2700.0	5.0	4950.0	5.5	2550.0	4.7
23	C2-11	P2	Flat	ARE	BFSC	ok	1	0	5.7	5150.0	5.7	3350.0	5.6	4300.0	5.1	2600.0	4.8	4950.0	5.5	2550.0	4.7
24	C2-12	P2	Flat	ARE	BFSC	ok	1	0	6.0	5400.0	6.0	3300.0	5.5	4000.0	4.8	2700.0	5.0	4600.0	5.1	2550.0	4.7
	C1-1	P1	Theeth	ARE	BFSC	ok	1	0	5.6	5050.0	5.6	3350.0	5.6	4100.0	4.9	3100.0	5.7	5100.0	5.7	2800.0	5.2
	C1-2	P1	Theeth	ARE	BFSC	ok	1	0	6.1	5450.0	6.1	3300.0	5.5	4400.0	5.2	3000.0	5.6	5100.0	5.7	2800.0	5.2
	C1-3	P1	Theeth	ARE	BFSC	ok	1	0	6.0	5400.0	6.0	3400.0	5.7	4400.0	5.2	3000.0	5.6	5100.0	5.7	2800.0	5.2
	C1-4	P1	Theeth	ARE	BFSC	ok	1	0	5.9	5300.0	5.9	3350.0	5.6	4350.0	5.2	3050.0	5.6	5150.0	5.7	2850.0	5.3
	C1-5	P1	Theeth	ARE	BFSC	ok	1	0	5.8	5200.0	5.8	3300.0	5.5	4250.0	5.1	3000.0	5.6	5150.0	5.7	2850.0	5.3
	C1-6	P1	Theeth	ARE	BFSC	failed	0	0	NA	NA	NA	NA	NA	NA	NA	NA	NA	NA	NA	NA	NA
	C1-7	P1	Theeth	ARE	BFSC	ok	1	0	5.8	5250.0	5.8	3350.0	5.6	4400.0	5.2	3150.0	5.8	5200.0	5.8	2900.0	5.4
	C1-8	P1	Theeth	ARE	BFSC	ok	1	0	5.8	5250.0	5.8	3350.0	5.6	4400.0	5.2	3100.0	5.7	5200.0	5.8	2900.0	5.4
	C1-9	P1	Theeth	ARE	BFSC	ok	1	0	5.6	5050.0	5.6	3300.0	5.5	4400.0	5.2	2850.0	5.3	5200.0	5.8	2900.0	5.4
	C1-10	P1	Theeth	ARE	BFSC	ok	1	0	5.8	5200.0	5.8	3300.0	5.5	4400.0	5.2	3100.0	5.7	5250.0	5.8	2950.0	5.5
	C1-11	P1	Theeth	ARE	BFSC	ok	1	0	5.7	5100.0	5.7	3400.0	5.7	4400.0	5.2	3100.0	5.7	5250.0	5.8	2950.0	5.5
	C1-12	P1	Theeth	ARE	BFSC	ok	1	0	5.7	5150.0	5.7	3350.0	5.6	4350.0	5.2	3100.0	5.7	5250.0	5.8	2950.0	5.5
	C2-1	P2	Theeth	ARE	BFSC	ok	1	0	5.7	5150.0	5.7	3300.0	5.5	4250.0	5.1	3000.0	5.6	5100.0	5.7	2800.0	5.2
	C2-2	P2	Theeth	ARE	BFSC	ok	1	0	5.9	5350.0	5.9	3300.0	5.5	4400.0	5.2	2850.0	5.3	5100.0	5.7	2800.0	5.2
	C2-3	P2	Theeth	ARE	BFSC	ok	1	0	6.1	5450.0	6.1	3350.0	5.6	4400.0	5.2	3150.0	5.8	5100.0	5.7	2800.0	5.2
	C2-4	P2	Theeth	ARE	BFSC	ok	1	0	5.8	5250.0	5.8	3300.0	5.5	4400.0	5.2	2900.0	5.4	5150.0	5.7	2850.0	5.3
	C2-5	P2	Theeth	ARE	BFSC	ok	1	0	5.8	5200.0	5.8	3300.0	5.5	4250.0	5.1	3100.0	5.7	5150.0	5.7	2850.0	5.3
	C2-6	P2	Theeth	ARE	BFSC	failed	0	0	5.7	5150.0	5.7	NA	NA	NA	NA	NA	NA	NA	NA	NA	NA
	C2-7	P2	Theeth	ARE	BFSC	ok	1	0	5.8	5250.0	5.8	3350.0	5.6	4400.0	5.2	3000.0	5.6	5200.0	5.8	2900.0	5.4
	C2-8	P2	Theeth	ARE	BFSC	ok	1	0	5.8	5200.0	5.8	3350.0	5.6	4400.0	5.2	2950.0	5.5	5200.0	5.8	2900.0	5.4
	C2-9	P2	Theeth	ARE	BFSC	ok	1	0	5.9	5350.0	5.9	3350.0	5.6	4250.0	5.1	2950.0	5.5	5200.0	5.8	2900.0	5.4
	C2-10	P2	Theeth	ARE	BFSC	ok	1	0	5.8	5200.0	5.8	3300.0	5.5	4300.0	5.1	2950.0	5.5	5250.0	5.8	2950.0	5.5
	C2-11	P2	Theeth	ARE	BFSC	ok	1	0	5.7	5100.0	5.7	3300.0	5.5	4400.0	5.2	3100.0	5.7	5250.0	5.8	2950.0	5.5
	C2-12	P2	Theeth	ARE	BFSC	ok	1	0	5.8	5200.0	5.8	3300.0	5.5	4350.0	5.2	3000.0	5.6	5250.0	5.8	2950.0	5.5
1	C1-1	P3	Flat	ARE	MgCL2	failed	0	0	5.9	5300.0	5.9	NA	NA	NA	NA	NA	NA	NA	NA	NA	NA
2	C1-2	P3	Flat	ARE	MgCL2	ok	1	0	5.8	5200.0	5.8	3350.0	5.6	4300.0	5.1	3150.0	5.8	4850.0	5.4	2800.0	5.2
3	C1-3	P3	Flat	ARE	MgCL2	ok	1	0	5.8	5200.0	5.8	3350.0	5.6	4400.0	5.2	2900.0	5.4	4850.0	5.4	2800.0	5.2
4	C1-4	P3	Flat	ARE	MgCL2	ok	1	0	5.8	5200.0	5.8	3300.0	5.5	4350.0	5.2	2850.0	5.3	4950.0	5.5	2850.0	5.3
5	C1-5	P3	Flat	ARE	MgCL2	ok	1	0	5.9	5300.0	5.9	3300.0	5.5	4250.0	5.1	2950.0	5.5	4950.0	5.5	2850.0	5.3
6	C1-6	P3	Flat	ARE	MgCL2	ok	1	0	5.9	5350.0	5.9	3300.0	5.5	4300.0	5.1	2950.0	5.5	4950.0	5.5	2850.0	5.3
7	C1-7	P3	Flat	ARE	MgCL2	ok	1	0	5.8	5250.0	5.8	3300.0	5.5	4400.0	5.2	3150.0	5.8	5000.0	5.6	2900.0	5.4
8	C1-8	P3	Flat	ARE	MgCL2	ok	1	0	5.7	5150.0	5.7	3300.0	5.5	4400.0	5.2	3000.0	5.6	5000.0	5.6	2900.0	5.4
9	C1-9	P3	Flat	ARE	MgCL2	ok	1	0	5.6	5050.0	5.6	3300.0	5.5	4400.0	5.2	3050.0	5.6	5000.0	5.6	2900.0	5.4
10	C1-10	P3	Flat	ARE	MgCL2	ok	1	0	6.0	5400.0	6.0	3400.0	5.7	4300.0	5.1	2950.0	5.5	5050.0	5.6	2950.0	5.5
11	C1-11	P3	Flat	ARE	MgCL2	ok	1	0	5.9	5300.0	5.9	3350.0	5.6	4400.0	5.2	2950.0	5.5	5050.0	5.6	2950.0	5.5
12	C1-12	P3	Flat	ARE	MgCL2	ok	1	0	5.8	5200.0	5.8	3350.0	5.6	4350.0	5.2	2950.0	5.5	5050.0	5.6	2950.0	5.5
13	C2-1	P4	Flat	ARE	MgCL2	ok	1	0	5.8	5200.0	5.8	3300.0	5.5	4250.0	5.1	3050.0	5.6	4850.0	5.4	2800.0	5.2
14	C2-2	P4	Flat	ARE	MgCL2	ok	1	0	5.8	5200.0	5.8	3350.0	5.6	4300.0	5.1	2950.0	5.5	4850.0	5.4	2800.0	5.2
15	C2-3	P4	Flat	ARE	MgCL2	ok	1	0	5.8	5200.0	5.8	3400.0	5.7	4400.0	5.2	2950.0	5.5	4850.0	5.4	2800.0	5.2
16	C2-4	P4	Flat	ARE	MgCL2	ok	1	0	5.8	5200.0	5.8	3300.0	5.5	4350.0	5.2	3000.0	5.6	4950.0	5.5	2850.0	5.3
17	C2-5	P4	Flat	ARE	MgCL2	ok	1	0	5.8	5250.0	5.8	3300.0	5.5	4250.0	5.1	2950.0	5.5	4950.0	5.5	2850.0	5.3
18	C2-6	P4	Flat	ARE	MgCL2	ok	1	0	5.7	5150.0	5.7	3300.0	5.5	4300.0	5.1	3050.0	5.6	4950.0	5.5	2850.0	5.3
19	C2-7	P4	Flat	ARE	MgCL2	ok	1	0	5.8	5200.0	5.8	3300.0	5.5	4400.0	5.2	3100.0	5.7	5000.0	5.6	2900.0	5.4
20	C2-8	P4	Flat	ARE	MgCL2	ok	1	0	5.8	5200.0	5.8	3400.0	5.7	4350.0	5.2	2900.0	5.4	5000.0	5.6	2900.0	5.4
21	C2-9	P4	Flat	ARE	MgCL2	ok	1	0	5.9	5350.0	5.9	3300.0	5.5	4250.0	5.1	2950.0	5.5	5000.0	5.6	2900.0	5.4
22	C2-10	P4	Flat	ARE	MgCL2	ok	1	0	5.9	5350.0	5.9	3350.0	5.6	4400.0	5.2	3150.0	5.8	5050.0	5.6	2950.0	5.5
23	C2-11	P4	Flat	ARE	MgCL2	ok	1	0	5.8	5200.0	5.8	3350.0	5.6	4400.0	5.2	3000.0	5.6	5050.0	5.6	2950.0	5.5
24	C2-12	P4	Flat	ARE	MgCL2	ok	1	0	5.9	5300.0	5.9	3300.0	5.5	4400.0	5.2	2850.0	5.3	5050.0	5.6	2950.0	5.5
	C1-1	P3	Theeth	ARE	MgCL2	ok	1	0	5.9	5300.0	5.9	3300.0	5.5	4250.0	5.1	3150.0	5.8	5100.0	5.7	2800.0	5.2
	C1-2	P3	Theeth	ARE	MgCL2	ok	1	0	5.8	5200.0	5.8	3330.0	5.6	4300.0	5.1	3000.0	5.6	5100.0	5.7	2800.0	5.2
	C1-3	P3	Theeth	ARE	MgCL2	ok	1	0	5.8	5200.0	5.8	3300.0	5.5	4400.0	5.2	3100.0	5.7	5100.0	5.7	2800.0	5.2
	C1-4	P3	Theeth	ARE	MgCL2	ok	1	0	5.7	5150.0	5.7	3400.0	5.7	4400.0	5.2	2850.0	5.3	5150.0	5.7	2850.0	5.3
	C1-5	P3	Theeth	ARE	MgCL2	ok	1	0	5.8	5250.0	5.8	3300.0	5.5	4400.0	5.2	2900.0	5.4	5150.0	5.7	2850.0	5.3
	C1-6	P3	Theeth	ARE	MgCL2	ok	1	0	5.8	5200.0	5.8	3350.0	5.6	4300.0	5.1	3050.0	5.6	5150.0	5.7	2850.0	5.3
	C1-7	P3	Theeth	ARE	MgCL2	failed	0	0	5.8	5200.0	5.8	NA	NA	NA	NA	NA	NA	NA	NA	NA	NA
	C1-8	P3	Theeth	ARE	MgCL2	ok	1	0	5.8	5250.0	5.8	3350.0	5.6	4350.0	5.2	3000.0	5.6	5200.0	5.8	2900.0	5.4
	C1-9	P3	Theeth	ARE	MgCL2	ok	1	0	5.8	5200.0	5.8	3300.0	5.5	4250.0	5.1	3150.0	5.8	5200.0	5.8	2900.0	5.4
	C1-10	P3	Theeth	ARE	MgCL2	ok	1	0	5.8	5250.0	5.8	3300.0	5.5	4300.0	5.1	2850.0	5.3	5250.0	5.8	2950.0	5.5
	C1-11	P3	Theeth	ARE	MgCL2	ok	1	0	5.8	5200.0	5.8	3300.0	5.5	4400.0	5.2	3100.0	5.7	5250.0	5.8	2950.0	5.5
	C1-12	P3	Theeth	ARE	MgCL2	ok	1	0	5.9	5350.0	5.9	3300.0	5.5	4350.0	5.2	2900.0	5.4	5250.0	5.8	2950.0	5.5
	C2-1	P4	Theeth	ARE	MgCL2	ok	1	0	5.7	5150.0	5.7	3350.0	5.6	4250.0	5.1	2900.0	5.4	5100.0	5.7	2800.0	5.2
	C2-2	P4	Theeth	ARE	MgCL2	ok	1	0	5.9	5350.0	5.9	3350.0	5.6	4300.0	5.1	3050.0	5.6	5100.0	5.7	2800.0	5.2
	C2-3	P4	Theeth	ARE	MgCL2	ok	1	0	5.8	5250.0	5.8	3350.0	5.6	4400.0	5.2	3150.0	5.8	5100.0	5.7	2800.0	5.2
	C2-4	P4	Theeth	ARE	MgCL2	ok	1	0	5.8	5200.0	5.8	3300.0	5.5	4350.0	5.2	2950.0	5.5	5150.0	5.7	2850.0	5.3
	C2-5	P4	Theeth	ARE	MgCL2	ok	1	0	5.8	5200.0	5.8	3300.0	5.5	4250.0	5.1	3000.0	5.6	5150.0	5.7	2850.0	5.3
	C2-6	P4	Theeth	ARE	MgCL2	ok	1	0	5.8	5250.0	5.8	3400.0	5.7	4400.0	5.2	3100.0	5.7	5150.0	5.7	2850.0	5.3
	C2-7	P4	Theeth	ARE	MgCL2	ok	1	0	5.8	5200.0	5.8	3350.0	5.6	4400.0	5.2	2950.0	5.5	5200.0	5.8	2900.0	5.4
	C2-8	P4	Theeth	ARE	MgCL2	ok	1	0	5.9	5350.0	5.9	3300.0	5.5	4350.0	5.2	2900.0	5.4	5200.0	5.8	2900.0	5.4
	C2-9	P4	Theeth	ARE	MgCL2	failed	0	0	5.7	5150.0	5.7	NA	NA	NA	NA	NA	NA	NA	NA	NA	NA
	C2-10	P4	Theeth	ARE	MgCL2	ok	1	0	5.8	5200.0	5.8	3350.0	5.6	4300.0	5.1	3150.0	5.8	5250.0	5.8	2950.0	5.5
	C2-11	P4	Theeth	ARE	MgCL2	ok	1	0	5.9	5300.0	5.9	3350.0	5.6	4400.0	5.2	3050.0	5.6	5250.0	5.8	2950.0	5.5
	C2-12	P4	Theeth	ARE	MgCL2	ok	1	0	5.8	5200.0	5.8	3300.0	5.5	4350.0	5.2	2950.0	5.5	5250.0	5.8	2950.0	5.5